11829
387286
418125
951440
828765
666041
456155
93011
878542
695889
75249
548078
936922
389234
427039
304561
4713
950243
656256
70805
34240
209078
735715
300801
472500
620839
533186
656660
404761
796639
842546
261983
206420
8940
956294
464331
129316
572997
444836
993904
272236
61235
57320
973238
327129
752055
349210
343337
621490
288428
22566
708034
416842
399610
316278
41390
391546
110545
30
359415
801995
701338
468095
291733
685993
202155
61553
4724
787737
989728
867271
645644
465356
527045
308870
924712
827002
227130
245752
77743
713025
422160
37296
63325
43121
368020
993318
779339
656221
345291
908632
250472
452431
988446
53640
762940
63868
343342
196152
125664
940350
175758
192337
60417
200286
655829
405607
270690
349809
366394
332589
921204
812635
973622
913451
369329
742130
387234
726415
468240
792254
559492
675194
666486
878524
64069
533464
866576
179522
887691
816982
103077
682521
240208
39999
528272
891196
448496
505060
810799
242132
989535
302434
326546
670478
150244
973071
910476
643328
93989
939715
512250
645949
94073
781410
963290
571890
464938
823901
657195
106279
272185
373375
219013
651593
297850
796531
13527
749443
308598
40236
880911
737833
243876
80661
545191
839242
179653
922664
20080
685264
141719
648492
92599
104325
170531
933933
377855
933942
863013
846345
192859
840555
314249
601561
51763
121799
25522
261925
686120
243739
621574
221034
652154
560268
830531
685140
460798
249909
345807
648843
49158
351596
240612
112324
398444
592358
737254
350623
249339
296655
319835
409870
570487
231341
467579
479030
697120
900272
279396
296769
346415
925719
766085
337523
472027
312253
790177
769405
257850
692520
735611
147566
720382
920166
445336
831180
777742
547545
802429
53013
988678
717849
713384
84307
691385
978250
855346
218082
687766
779836
463045
87267
112599
968901
328001
450021
237332
334867
55077
816063
776525
690978
915659
218909
815762
186817
425572
992662
268942
920931
421751
718839
742484
711819
98976
459846
919384
342296
349801
828900
367305
489433
539673
135018
258979
958737
166694
675184
163442
896383
947412
799458
666006
478304
902225
126097
364869
816597
530459
537779
589176
684530
831711
713867
262053
747892
283063
510912
218111
402433
746754
181077
846556
176208
822409
676854
159143
268694
824991
457939
484865
197588
572281
247897
361187
320961
16655
213957
109031
150128
715496
332849
137612
567961
55970
827029
258238
430111
688211
336146
154246
559127
642205
834013
303766
20879
467801
383920
969141
886351
12304
732274
583432
64275
509395
734608
102642
715998
100459
703353
741491
852612
562603
287623
417412
488695
304699
867352
906483
742533
459791
987650
636397
916890
941823
864745
458719
958535
494544
754906
461155
815854
881410
440766
449043
481894
142739
521379
284909
237720
722889
420094
577795
608506
233415
248016
774929
463455
595108
401014
519664
377983
696654
596368
547078
432257
602580
489169
874902
694872
737135
38699
272837
597204
552035
615782
450129
307314
53410
385331
874667
793595
169829
781460
852570
403185
277843
887078
752870
215297
463446
934537
551790
793394
295633
131923
783385
122988
810290
939722
999386
138213
993063
153241
650094
940093
225145
182201
20454
193237
749669
674398
217257
376608
371352
187450
503163
763859
798527
960060
934936
101427
567841
629232
746250
411810
257598
682102
81386
280675
316407
402568
143554
121013
913516
626516
297848
930024
662269
41811
679316
31748
698171
418155
762005
327692
255995
683321
890079
209373
235160
929517
350815
925224
849200
473991
166944
767084
443022
865601
292314
426680
18750
81339
833062
859904
279480
62974
746747
711959
216401
172425
711095
598160
567934
821042
956567
204250
610691
179652
179393
754873
876898
300236
701842
344837
948019
197698
375852
217719
923694
699817
208533
223935
664389
403198
449404
449048
934930
446549
871300
329967
357711
43521
129991
66781
869687
268030
779619
129401
730713
479382
92916
701799
795990
811869
889696
660539
359339
64194
160473
146299
773143
597052
630609
553659
486388
89919
560516
606064
793424
615433
732145
446826
234719
346702
856494
996200
222198
900012
615035
407665
914797
340677
193458
302289
880728
373179
961769
607591
74807
481601
265608
466794
716492
747091
16525
699019
730742
999410
800878
986983
755069
323768
429330
138660
840406
34614
187282
364355
489089
293032
62671
36128
125009
879459
895326
198242
780795
409259
704907
488649
132371
936719
631985
741785
567734
958888
632466
903529
552104
555500
414465
774505
384712
809987
325537
433074
947954
883701
263802
291355
666856
895442
910085
182674
26686
477047
141212
89294
514192
40588
688958
893880
663664
685384
743301
861255
963892
737441
777703
278706
493056
364545
744607
233560
143148
513822
480911
374913
972730
437502
8971
379082
478833
216209
325402
413686
566544
338641
159602
762482
373640
694175
395068
755211
104376
555307
944449
984541
924791
922734
972043
691802
957914
772487
723223
334882
921293
349556
549819
92202
516170
341141
542606
191286
527720
507349
879997
95842
659383
245947
476411
514221
980837
498883
833156
412830
566166
480688
926455
834047
260667
388763
325627
475382
437148
437900
353490
786558
107666
781855
980044
62037
871967
614295
288198
272439
391993
706744
998784
563408
906635
725121
502957
85967
165003
166121
883453
224143
822735
90093
982530
60698
916731
801253
634855
391991
482270
924118
474325
867437
796423
253093
815544
343100
370270
288671
952347
40041
172045
46860
195240
102337
619564
979883
450837
607447
821254
64723
133099
491308
96891
982981
866193
532480
282372
472108
798319
283642
975806
886177
857148
145842
21242
453404
663747
504862
812204
56020
69597
130709
35217
790436
400719
336595
209087
486293
435379
421714
677630
287010
895053
809296
488503
966242
438636
604249
434061
941587
978008
639949
6150
255932
661974
389998
949290
429967
332775
506682
538709
660038
4009
902533
815436
45011
182432
795821
692097
988452
85152
650878
320551
56372
97423
806646
360072
181708
54053
658286
959679
569251
984612
814380
972726
738969
487854
421125
491768
87286
185697
732824
619236
54765
335998
135776
854503
590456
976094
777473
750630
860703
419468
69537
245405
810226
378300
38306
67740
805084
581733
173768
889963
4894
53512
80996
926893
828728
305676
425926
876090
54850
710767
169137
179023
423205
489021
913756
441900
806949
529420
440735
834188
248710
743461
49917
263969
452297
542759
494597
955944
703762
431463
551949
321557
493988
787044
923103
11464
174721
937243
1794
226705
251081
741456
118393
914682
142280
210331
864071
587340
393693
472820
496225
616246
532975
864977
239164
924159
287458
402075
15119
848104
300080
979936
530461
586664
684904
217888
312939
997450
976202
838245
996169
638709
962872
505849
297699
281505
537796
657381
100852
887148
533995
251099
655472
712086
523111
779478
461295
498931
887623
350437
577797
811080
139288
165945
18672
360565
606840
546615
530145
539951
795604
643041
874202
495842
788751
617713
172293
24150
941812
118999
610847
446352
659544
51675
290686
896019
55461
5209
46770
254605
354058
768410
378570
791731
932945
871762
233552
862970
518646
393422
296431
363594
162759
198675
696906
351597
838839
294268
896115
852296
41373
794979
708805
757167
753340
148943
918124
903331
473960
292487
530969
52867
278671
35750
508645
494489
48000
508569
885928
369020
144987
968249
470122
629643
734
756322
107989
242555
913693
469856
651992
213759
862331
997831
727423
230572
907937
293316
286907
760168
753242
385129
160312
133272
546475
665299
784395
499987
131976
367955
70882
367950
174576
727973
918617
218658
860675
585534
80263
929557
80993
791093
531041
14495
256051
919252
772831
524465
705954
365518
939668
213216
498878
563477
143392
745394
550095
590525
281202
506642
140380
196451
338528
636426
322354
582039
324538
497053
381828
382118
539970
916276
293831
210869
636415
101528
673418
809817
843147
680192
301169
709783
832380
509869
45241
486813
41445
24898
521570
711291
986188
16732
325565
317331
813783
640148
953265
179854
74545
58958
101381
776084
71698
424706
273879
384005
49179
711351
878927
973215
118656
404
615439
295611
441149
635728
212424
725037
818463
429231
90851
171837
712595
220692
6489
503423
321324
619681
376808
657635
963665
974257
641543
166235
748099
872954
142363
218319
537454
583740
692251
651488
136464
511987
406234
919374
925932
279288
618548
457290
150661
281324
580384
243356
390746
309233
902217
137748
788771
793066
348203
61041
137350
782488
590170
889572
989592
845342
276252
625322
903504
710609
154523
743449
434411
757102
565759
565525
19988
24293
780082
587924
825265
781108
164407
172057
435559
291289
208302
710747
979246
546197
109772
670311
918830
449337
28009
796827
586045
538289
163346
881603
834491
125269
579693
296647
366195
739905
700309
846639
632080
340075
392254
414037
533105
323775
207935
81729
569318
997769
659638
95256
960604
394892
821549
621262
737712
184466
587248
3948
230047
840996
887729
114420
463374
958334
323673
39250
46976
139344
684231
286830
883739
616515
333296
739308
53313
452025
119742
210687
91357
413663
101206
858166
146519
806446
564150
835076
263972
752083
257546
496526
443811
470024
766759
845355
429786
362919
979869
26792
571013
938152
588507
913918
790878
362797
14663
474487
153877
448054
520841
67909
901821
962045
165932
499788
775985
329240
864420
159134
345619
719935
273495
961869
534491
586887
177036
37339
180674
594177
691106
695561
607614
91621
148771
863904
36813
485402
828907
211314
809063
615905
218335
207042
620470
987248
886246
603593
353520
208782
588568
326235
766474
946426
452603
311203
822490
644581
616700
354377
238104
535089
901073
550184
575581
923632
629036
877054
983867
380535
27474
131353
901012
137875
779378
97098
633831
362557
591257
293087
4252
459135
78071
207625
762719
709433
988382
60357
602571
672601
937813
825827
762127
596217
230315
623243
807448
586431
102995
425239
420812
270043
218103
84053
175034
157753
256405
883059
797186
276436
36877
369424
23942
950887
233738
148884
285935
371969
265634
762164
114920
784115
167887
798715
630633
559431
309940
939660
671272
14886
607798
726523
193275
582436
372789
588799
974928
119892
80008
135299
57312
899230
983517
278001
236080
251706
798781
851823
302127
744594
33102
666240
920130
691525
548610
359257
115113
327890
168473
711716
115454
816272
465766
538636
803828
318975
151359
563168
357892
350470
993082
416289
186516
261108
767933
549593
822573
974745
353303
512784
237364
78823
810736
972699
556967
997888
846966
588567
532482
937092
550874
726720
81574
859157
646639
886548
838703
635530
954899
998947
538977
775048
781301
512303
816525
12519
235465
822622
811526
937585
928349
939987
365780
264412
447696
671206
126037
589400
75781
634657
479124
488237
12192
756311
5300
453661
18116
5235
473578
598137
945795
739870
898808
12126
297263
187492
144832
972713
242397
288800
698144
526025
910354
852673
48703
441312
326663
484141
707075
708755
336824
283691
820508
177443
945934
682992
149748
283809
55318
618328
322304
34800
284782
890285
341145
152342
593635
902165
441730
275371
890981
763132
129633
934911
646300
36027
179037
838868
713321
420512
187900
832412
614370
219375
825399
947336
671087
836585
301024
729349
480213
95959
952425
673840
456003
977838
416969
888043
25267
361793
223837
841666
626843
610465
661247
13234
714263
117249
794509
255464
664318
984585
290758
453940
997153
815195
534937
818367
117792
238818
260794
49759
558492
884748
378438
673710
472588
209677
235705
289403
55044
307269
176456
368176
754325
728994
942460
234398
117412
978577
689087
236101
609835
916729
726547
365050
888576
239717
35478
493722
471098
986733
268430
675323
988597
388808
349374
739694
759445
801231
878781
364534
422809
376968
187995
583022
843923
332756
681713
920783
271662
895280
966336
781139
557906
459822
740771
983470
814386
206430
812256
108460
144912
18198
386231
229954
474415
375053
232282
287498
269638
533255
504730
63149
136958
235502
363970
377347
808826
386685
907724
446382
5186
477740
85072
215949
934899
557803
390994
480168
687744
744572
129693
18686
251010
59339
399466
555978
109244
450492
604374
933486
735934
762647
833332
217207
765843
271086
715214
131390
838243
315063
234858
420010
824971
869988
129774
337829
67320
901942
677474
111101
983495
935940
200562
892214
27955
369018
733372
397373
549920
475719
668751
131977
349603
16743
157404
610648
484563
139018
974523
464986
52124
452062
728852
783625
345351
919390
865417
594384
274446
136680
453541
824573
441680
622822
658320
445835
868374
947510
270383
524858
231192
795068
441655
730247
641680
566926
74422
971629
486987
435116
267830
277732
772310
34824
496030
639360
562913
317497
838969
762906
489672
544906
549405
461469
599064
497107
746571
551506
960152
209537
685985
499269
975384
523918
505410
279675
650952
559378
463347
617871
74743
692005
295771
426669
177433
93400
670882
184042
50181
724831
292096
881436
483105
338604
33560
939743
383668
509023
483032
189718
184315
46511
234047
76248
849859
291512
475587
894820
400068
635
396544
514760
84394
404224
77623
122651
959044
752284
360885
806488
210507
231408
609644
971943
779133
189881
556505
551125
235868
524659
318448
620985
984516
185943
401711
360387
356310
929122
940858
533117
964508
443928
705242
999010
798370
758311
561544
322987
278971
588398
345618
69158
177521
31891
554569
684323
352423
242129
418745
299783
125246
494534
558389
965722
798473
65445
842410
223019
97287
490523
792997
590769
73627
703297
964820
509815
967620
52937
557664
311558
64621
506771
180808
546573
825905
311982
168815
262462
395125
568929
844900
698279
851111
465951
491599
335246
775188
89953
14619
725685
706158
26625
424839
503594
359743
582475
575143
100271
287167
475975
149504
447942
304655
59166
157506
584049
969379
933354
88068
516573
154686
662267
288856
937348
753819
814090
960136
32604
292976
56471
329150
185973
709247
674660
178589
605309
701441
441431
481547
599356
574382
336409
740571
74909
947973
643174
470387
171915
900057
707892
342139
804955
159315
93874
419409
759934
489001
871305
410868
182660
487496
405167
61290
782183
951961
513343
362072
706987
464793
156405
48079
364333
706533
346983
364462
807405
722826
712654
929902
693519
233782
898623
460824
349218
812917
316942
949475
512877
849470
988577
934644
177733
981975
521938
294927
225513
576340
266993
443836
965978
614924
203041
368265
743710
214259
894290
343181
330159
439832
940899
201980
716525
852375
984818
665
639368
298016
74794
369850
919505
622276
650688
93409
439843
883270
856971
24418
399022
711560
390053
334999
117158
626942
81994
695085
543105
886182
704671
568748
156153
978003
921004
882695
195578
934126
188313
531285
844976
902559
79551
918322
263986
323485
226915
870927
311452
599631
187998
886741
679078
279647
11182
604580
498615
659756
900987
915681
582354
63367
785252
863218
294414
911041
738270
545369
962642
630283
105372
844220
537960
402105
859394
978318
960449
905959
603545
53949
763402
503053
202268
204256
362222
889381
383445
550904
795295
692157
159344
185929
736283
517395
844181
150687
718422
237119
585154
849828
225481
154462
216357
142478
194941
533076
866955
191672
489364
528846
407212
159734
683830
296712
16617
687575
39031
863687
109253
701894
365338
993888
315684
420813
798368
509479
476540
252151
260681
493893
935451
582566
326478
290818
845682
986514
176576
85726
142926
509612
278152
441011
816914
32510
143849
638272
746084
497639
565287
713881
670179
292550
523129
321408
327395
17154
728715
693177
511362
162151
913987
626970
882844
212128
374292
196558
875079
762744
452073
868304
3110
518326
730647
785562
494334
103831
943097
986841
513062
634906
293177
184740
911498
333175
413464
645769
178818
244545
801461
687105
965286
889560
465331
477953
80046
900773
676242
667420
554888
335806
64452
767642
299185
226346
459986
639591
471994
591947
318676
689423
871613
372288
919309
60439
33237
498734
911135
470631
169954
23348
790148
919197
683382
946061
9836
859969
33609
989493
202407
262616
699184
830534
676505
225463
570477
300406
746188
192431
906705
169099
495827
977076
731986
48837
585140
796310
996771
821846
117994
696478
880977
528396
842118
737961
864499
401203
971876
114743
481411
13573
182192
910015
527456
539235
908524
762895
674071
248890
70484
719102
842606
936848
834706
140017
250645
875287
245630
709643
886037
550428
90827
365244
467959
410343
356255
227142
37548
311021
945365
247697
273513
920739
260974
381386
370003
629286
70293
243369
532349
216821
468983
693902
881283
828190
1321
700044
250764
220163
616877
636488
847863
38204
657258
133885
337456
805471
949272
897105
81198
806057
305761
99844
635892
642786
993609
760253
913733
871991
861464
311512
483763
124991
8599
320859
975128
412373
337807
895795
404031
298678
91816
531115
587748
695356
712455
754980
522114
613956
156696
963575
594300
277198
979768
464770
155668
793469
391949
252102
333275
574839
118295
636862
213003
593850
627071
604967
906516
852967
227193
770765
408415
292067
385848
570483
717481
853770
345540
266633
276164
967208
841223
824599
480054
533647
453453
605060
335903
541666
909472
787758
25313
735630
463220
760100
621606
635369
981812
433982
280878
270232
421572
510163
890060
339579
685907
940421
6584
143489
413660
645394
429051
63202
644889
31915
109939
3439
505512
255191
175079
877742
210544
984156
750961
855508
336487
840275
722099
532256
935024
651810
687818
193021
964431
905685
895605
767799
208698
677286
60281
123540
163052
278562
501357
229928
589181
81530
850052
218600
752339
899372
276203
246728
764880
78793
312494
982215
134668
262662
30430
713510
287196
203034
570573
851670
561650
947825
261351
498686
205525
653628
861269
859535
437873
67846
530592
691979
845126
395503
827395
762830
119032
399551
987219
338803
301697
821203
477239
805747
555474
564545
432224
81264
575341
936819
405284
554263
991977
881154
655484
726409
80225
280416
457101
647005
408950
967382
176876
57198
12426
637977
8617
664470
942180
79154
376430
291633
509421
138586
898637
506744
747184
455202
468847
77741
412443
858061
350464
969866
818962
479615
461226
908859
914575
338282
376007
76517
934782
810388
532234
186719
535703
647601
865032
299863
828661
486873
896670
43205
584804
217055
83950
493641
941749
868716
231938
216695
939479
767575
171603
782291
377794
615091
324885
968068
143929
397216
362747
637544
973721
123304
873426
305838
155626
404412
587127
806188
11328
691576
368790
366891
645384
636144
527047
857571
426600
576930
482656
971297
745650
218514
359629
399186
291789
925633
825946
376101
878246
264071
708321
901914
665564
644984
584754
764488
425051
619692
806819
953154
773422
167636
597850
311075
164350
570404
274426
219155
844304
169477
284760
683806
18150
396348
930419
781104
208518
382479
320979
921170
787459
886097
79765
157282
45326
76749
281794
753634
72996
556082
283219
8959
375800
636374
815814
258113
279449
406489
230395
901756
379397
410969
924459
370899
190546
627448
869689
724356
872145
820513
339271
2177
429360
186790
626136
54020
374076
507047
214309
164780
511064
754062
122519
13475
631927
315150
570498
283305
101506
467690
954613
740198
450309
567625
599759
324298
975590
687202
786871
358362
213693
579249
936117
9158
987235
481141
752943
208
985185
392013
164629
982915
994070
692203
1833
388516
634505
660710
475101
515654
385082
656181
715987
952092
529298
980855
788477
284922
583945
685991
330766
481835
556682
96158
770957
586220
931986
95538
932741
893745
954789
894373
766530
930945
484999
399487
950315
917669
735374
718650
867062
112479
772978
118700
923277
664973
491266
38076
981436
597403
667225
358674
246255
219222
988550
738821
850241
281234
500941
250470
470273
32445
906947
870653
925838
955000
405807
71829
703271
418432
255154
375760
664919
131693
6052
873961
353363
370710
830132
915256
425886
974602
762541
695122
431694
632314
160986
918591
462274
543383
747310
144086
427346
779803
235415
286464
510239
974608
239533
14038
595075
630928
63050
400935
231079
670963
123729
796583
290680
330728
916357
291527
470866
630716
52541
703253
952075
529642
727794
299481
852780
555453
890138
426307
65501
704691
19580
86998
492773
152972
343680
878728
963411
851157
599573
223862
469830
106391
630666
329050
79499
894060
122952
755873
28793
54372
721453
490697
321209
362560
982093
432875
667929
616129
124514
668324
304846
105671
563064
470138
476187
754731
420556
224794
874672
690459
968128
721498
138096
669339
120569
400274
257753
837722
642160
755889
495202
492989
720607
789732
257845
179396
993166
945257
926837
926994
158079
81736
825408
333705
33740
59085
753938
301112
470439
71859
199721
607041
909501
980896
625850
968119
820964
92238
970947
527973
637487
813168
27979
126038
12827
898617
969145
957243
869765
817509
715259
789255
465106
388519
490221
945453
202932
859747
523448
210339
600218
597443
962452
161454
761285
708068
508447
612557
136573
636431
703310
67285
920211
23738
426473
217230
643987
191588
471701
296339
151837
338626
696855
425285
126067
741123
516369
523008
869907
608950
968952
108516
706983
169904
225480
759605
90581
390770
644152
584426
564891
204738
139339
193317
496975
816648
580316
668014
285899
78066
487888
48341
438915
727043
651897
48127
508324
904257
541869
964363
947189
480264
491731
159751
222891
85611
522163
166044
331240
119268
356053
476804
600960
240949
439997
91579
705148
85073
625563
354479
87248
901450
317120
82828
271605
965185
72231
52938
142218
714128
135777
422242
813907
712149
795279
543101
845354
905095
764834
448703
293601
269421
673532
811778
347082
478462
657015
111695
457150
828090
532031
401089
202263
322064
247326
551308
950418
504270
807712
137828
668087
209945
215872
497187
104368
4205
797486
11116
168558
228552
278302
73528
252783
490053
870589
860984
325757
248535
825710
592790
560504
146011
896024
996639
409275
123853
272694
268423
88280
642371
885099
645022
388002
252785
401926
593977
750109
173299
96485
621352
936109
806268
214945
918052
956735
867483
730506
209319
894461
62692
900270
195030
690500
907342
18102
194572
559895
693223
300223
313988
448536
162307
720278
264725
427283
480182
501669
302019
832363
132079
911393
763943
254292
80802
131009
320449
753658
949789
3709
373228
965209
337722
675893
292528
404107
504291
218953
462517
720097
801526
279105
541736
81130
609276
111394
234297
891053
363412
820927
479166
83297
500879
673507
264290
804328
134479
535548
305231
179876
231443
346695
495816
854462
55643
657555
400046
347404
888067
891239
548204
691344
78241
421218
824975
807869
997159
927791
589988
184861
818720
505069
399005
324607
861519
263907
735604
287894
646832
787359
1235
286171
312538
974728
473695
102691
373432
655038
985143
187903
752876
301524
154605
858441
481365
416607
148104
964760
248577
34886
148767
282483
759135
466188
796211
852648
348143
77582
998021
433911
930842
49985
245708
322688
559354
783162
211191
474059
950258
235897
152769
11543
170400
244575
729636
597182
164824
905523
170303
704236
483902
106171
293072
606407
343109
942118
298607
20314
538978
157796
341267
933650
832026
972676
232482
586194
865489
490040
742827
29780
991410
652791
5457
192211
581051
297023
50705
531153
327807
226669
939201
904045
841808
559308
513156
434148
297861
132185
114113
809219
557732
452940
934387
847238
911153
478135
995494
625972
616345
259710
202158
218084
732275
771952
711543
606073
857526
64503
207305
54236
788169
550802
53496
944852
407849
572416
76901
273895
338800
248772
948654
355732
238775
94194
534488
619742
702353
588913
563400
310002
365219
207940
312512
502873
213648
483982
338494
2131
527496
886778
319943
249141
851771
53452
108669
824154
490227
191188
564187
232231
996139
193562
572225
975574
210115
174980
623553
676174
638726
350943
211975
558117
549810
214559
891812
946976
793087
769396
124043
390289
768118
265424
852883
571327
56036
455414
895406
888224
91429
284703
814605
828341
479816
256479
521563
912615
263029
265976
748112
304149
917757
620030
945208
507180
628653
783309
49449
728559
597062
632377
521731
522955
777134
662598
291063
613913
958338
136056
144281
514894
26733
18207
802951
392618
996910
215491
311269
778950
70105
673867
617397
42323
452859
991958
518772
898080
283032
319583
518668
852274
332407
548763
815876
433630
852667
664114
641175
113902
132187
496992
19060
430594
279666
579600
282142
198092
15114
265310
392182
762139
447843
719778
476245
160384
372604
168618
887253
691825
456372
359431
20868
268719
307254
911663
439054
275565
881752
328079
810610
957204
767896
640129
642126
52929
554742
885269
412716
634593
258305
341479
153980
307545
516282
182485
519040
368960
292657
514905
740757
25509
393418
70725
937434
68365
489218
137787
278744
225000
549776
304480
430688
267178
309815
536714
29443
824716
727539
640778
105276
865863
253754
593550
702552
744423
504846
402030
990108
883943
706552
361543
546244
367750
51295
68664
629451
982660
495424
757049
306990
689227
223280
857951
34245
395143
669042
278682
588091
103000
106390
239173
901526
382338
760738
495106
364314
758747
73439
676188
23470
150306
856585
767185
2555
693072
231896
189737
943982
664856
78943
460781
542423
361232
638557
929580
256360
713872
367675
444695
7752
986449
430643
293123
611643
672919
679531
214275
868349
991946
338883
476047
337591
922307
620126
365648
219281
207095
290068
645354
486147
766309
102633
413303
267198
995404
645044
852284
680029
706245
134749
35551
161387
126005
938791
135387
820888
849071
756015
730952
98999
381005
503207
818637
300704
851878
293152
461477
967409
557990
722735
314374
213843
815611
920341
785104
728924
181713
232561
44665
269104
512594
707855
623286
81211
471762
271462
592654
414407
744563
995307
234470
269367
442431
54482
393520
548537
834472
716065
946856
148918
62902
995217
648861
559563
696407
438753
975596
815217
966472
322047
451242
1869
639813
124143
578876
229763
742721
69540
235360
143044
909097
477511
987378
675468
318014
611460
57863
151182
269336
631616
102683
493155
835856
739331
294471
393032
905231
506216
654665
6544
552013
725841
486186
792028
557619
495324
996733
107004
943485
761551
216842
853155
381176
431083
927894
179679
336347
162156
366185
420376
797488
70232
586969
796273
234532
378334
59064
250003
975519
637827
203822
668663
777328
359844
417723
938449
468395
947797
633286
870275
32448
780334
920843
259730
673378
957242
793396
13963
177694
281568
875916
758376
214443
183464
389817
652381
216467
964209
345302
972404
959646
976491
609415
383615
189488
536201
495407
648889
977983
270032
471700
993081
529164
929441
194601
285096
217178
454838
227
197673
291270
769228
599299
820218
518181
610664
271803
400603
712851
122342
639236
345214
162808
218617
850473
815426
319380
859812
262045
793630
83092
987517
723014
70201
40942
991664
419515
108826
587202
709909
425556
94991
952995
578
629180
277593
550349
71998
105581
659027
835387
615267
298192
923334
667507
935167
882801
50971
799543
38607
181849
304171
785492
994916
151771
371718
915286
127151
60552
780628
400037
814748
578734
106529
200236
790708
677788
820031
80843
231030
219389
299534
463986
481965
369366
488005
143522
48102
439889
4721
136718
203914
300426
628308
203699
200528
798029
222431
950952
210723
673512
739910
564722
479217
603015
869851
163345
890484
155764
412627
279007
289717
660189
102662
937789
961841
608045
344551
847569
319813
159055
476695
717258
272751
640689
115752
518323
409028
97051
493712
466392
86843
125778
493227
297684
493114
75717
123277
42870
771185
507137
56755
779829
229844
823293
552870
553413
887896
671261
580657
162942
477618
964736
37667
968506
648467
452448
78124
798823
981344
244177
105091
489340
506012
689404
598242
521153
507959
600652
473663
400160
581044
276280
474141
589303
804503
991630
322725
2522
824191
278890
307640
66794
535571
329590
298976
153454
734195
72748
789832
375426
533950
555501
947497
757259
678014
555547
71169
770802
153022
218789
965397
752231
147421
877811
891773
402801
926488
654362
60326
169525
266732
118874
954332
541185
527522
585689
955130
412013
245535
419906
264832
785444
740451
451277
691550
567898
576809
517558
663977
583893
469624
22987
115682
440487
350384
281330
180432
880506
945704
595231
474410
6472
985849
138628
607001
981042
245008
92511
439966
846539
667694
527324
569387
555235
396559
294244
102385
52322
764514
784758
224759
571681
489330
566657
651790
477348
128050
47870
934799
514376
943893
665908
192243
660351
632512
193632
251089
480912
304476
244022
62087
940199
516840
807570
150101
6403
20576
152509
312633
404355
581398
111209
756750
23345
283599
98833
132375
904378
769942
384004
136555
829587
815939
824482
579643
717860
188028
418554
44101
816386
212212
299618
704798
906589
716762
112637
640312
244302
494388
402606
472286
89520
906638
488509
737465
210980
349791
296297
387654
294152
435642
415836
129087
25156
381501
689434
331200
846908
265754
608701
154330
709695
88051
129611
817652
139743
776357
631473
738777
950109
366371
166462
301165
254840
852286
84517
718512
333898
873722
174756
773597
294885
459605
806658
15207
577580
144566
87201
12936
339087
299677
20094
543524
970329
926748
287573
194288
156719
832512
283167
24379
240587
17364
177760
772884
343858
509364
607008
534183
760723
457849
580374
996056
831374
721127
951060
418225
18783
475957
968893
163546
351148
659802
652472
578689
584368
119915
80011
270276
788127
588975
341022
64446
488629
170622
154164
913249
798385
239174
118195
980189
493906
185767
404693
112238
434052
173132
318178
865087
426990
458629
137830
119331
311979
152806
801715
289672
91406
749927
667747
40323
402236
140617
408612
457014
865582
219361
528206
629944
759079
192453
646809
515482
943664
214218
896987
974239
172544
889559
829833
22686
106532
318292
854407
854119
35573
803404
778721
831083
216457
69267
513044
833901
161816
335145
960770
705199
878182
89283
497353
421336
518990
915090
237698
965931
529816
233896
480282
567250
308119
750152
511049
758963
36138
287951
143197
531038
981071
523154
900746
39215
710524
950318
741477
103096
202322
458736
340390
298356
721964
279082
615578
912252
81585
768393
594077
573277
450958
967402
634805
519325
838151
414314
689114
862745
991961
625828
329152
608415
191441
125420
93374
204136
282254
329963
979895
316441
330569
224774
312425
970572
636339
424251
129757
707499
596632
863413
597516
150987
271071
918689
876943
290140
196740
740074
352549
635985
917113
7755
918608
171700
384834
331202
825978
763827
333408
620073
676264
923176
569124
612196
125714
756004
774623
714024
847202
109452
470382
65824
539937
934788
869419
974123
758316
391346
534109
436069
676410
578093
131691
476172
419031
304822
944908
805610
907107
159490
367946
317346
506099
93365
184512
184115
149665
389635
326616
822048
731454
529457
976939
849509
331820
606465
464503
580412
210903
796403
591720
367825
129703
753940
520173
302166
552037
584713
414702
948568
383754
329560
140425
267212
523651
830476
999365
339952
531312
353074
18451
116421
244838
227722
777280
290246
460374
95978
700954
366149
221991
19397
745815
144867
169723
452107
614056
83146
11928
684914
428673
649549
145348
609101
916231
522500
375034
472387
979313
428462
555093
321859
103363
55157
318035
975564
647245
127534
754234
88138
268165
571814
295856
45533
94124
276282
807661
564682
909854
763365
48987
159454
988145
138429
5046
893475
832475
792811
617185
852257
521787
186112
108185
64531
992099
460463
270885
358642
844146
606089
868536
46660
100061
562515
45548
844392
374303
938462
79705
378429
572577
475316
42346
938997
869808
51725
480763
913779
567312
653518
315253
220710
82306
518458
883027
324957
870229
614393
341429
422576
957559
898846
696440
61706
403966
401951
550446
658555
442230
197285
798925
933755
502553
893013
237368
12957
800790
364241
548744
521889
855680
518961
551529
282922
114346
572331
978189
918299
249199
576584
965297
190943
885242
236897
737454
951833
383527
705384
577206
287508
864758
740044
937625
562596
959711
893244
348555
476055
969974
505387
947666
867690
477861
650403
589058
99282
769917
904421
784407
443662
10701
146875
363202
60438
504301
48452
499079
714913
782619
19178
952336
155996
444662
438975
649386
414521
210935
976607
826480
252058
445863
975677
864833
840009
840545
171349
321392
383433
517805
841712
562988
31642
726176
116527
444551
445928
122200
368710
762659
24135
449926
980774
369068
790386
842799
148069
732645
433364
662702
783290
37825
342604
458250
431184
121500
635093
168720
584158
823032
984980
161205
210255
849810
385011
990004
659415
67869
22196
273395
168762
717947
196396
533452
528832
208278
300043
632345
364075
651906
427213
626086
23281
104425
974715
557270
295456
621620
272335
174861
377898
338240
480845
296801
783351
766393
442764
565109
721581
23958
688314
246616
728437
875071
691873
218031
616394
423611
271862
837958
548576
671271
78058
37442
940826
706702
782155
518365
577917
152479
406640
269153
814224
87357
854669
934776
663639
809697
770456
844879
952237
2398
146621
639141
412086
478985
964165
176737
204446
505322
965421
61109
33505
325215
935026
95273
529215
592314
689675
445238
887108
676741
9241
206607
649103
699036
366249
60941
443077
40978
14397
845458
87473
905044
414044
312115
524721
21111
920815
485687
302856
904688
819794
498987
489651
702740
652396
205157
982406
448032
424995
379658
332065
451708
74717
522994
83369
117597
664948
830822
883117
216624
719883
487676
993822
938888
723148
422412
301875
194775
713527
383956
58920
746611
667649
563149
927624
181360
263752
959226
672363
39106
685706
135502
555777
190837
605408
827261
802649
508294
566617
696637
738816
557177
582459
551961
262251
882092
555731
721361
140510
452197
251105
4710
217013
350841
955413
761816
218555
501098
441751
722522
315381
213263
740091
179241
636607
331359
710300
789625
667845
374383
940923
448186
620422
220563
848142
849253
545605
910255
523712
659164
835693
374608
948933
929915
271003
292326
740530
705816
385418
434716
129800
521102
942103
59576
809201
737096
58403
296965
321413
824677
333195
919218
599084
543774
265777
925731
635751
80828
451058
697563
960270
692131
673403
3089
128102
900195
208291
676177
98102
147263
461865
440664
731453
776573
278545
281812
321095
773155
374206
889205
715298
959965
594585
570844
412506
610802
170533
956550
275167
336292
839009
22825
497914
146616
983681
908132
114697
685682
987125
260416
835706
653916
364989
961025
430792
11013
595172
935363
257997
973268
716285
113186
563672
899772
626410
32831
541197
780934
180661
857131
170202
235895
74120
250449
305242
699225
483636
887773
419565
7008
787405
118901
373913
84817
178179
892652
659973
881471
407475
457689
497230
450106
212230
985899
688084
654789
471565
598834
138455
10209
863314
475351
524715
98239
63692
120873
